sum<- 2*2
sum
data<-100*5
data
